3 33 9 11 3 4 34 3 4
3 4 3 4 34 11 3 4 34 45 22 20 3 62 3 4
3 4 3 4 55 56 20 3 33
96 3 62 30 20 3 4 3 14
96 3 62 30 20 3 14
3 62 22 3 4
3 120 121 122 20 3 33 123 3 4 9 124 3 4
3 62 133 22 3 120
3 4 23 3 4 22 129 3 120 130 138
3 8 43 3 18 250 23 251 22 252 27 3 8
23 3 33 68 3 4 9 3 4
3 120 419 420 9 421
3 33 9 3 4
3 18 3 33
3 120 320 509 122 20 3 4 22 20 3 33
3 33 222 23 3 4 22 988 3 4
621 129 3 120 138
371 3 120 43 20 627 372
629 9 3 18
20 3 33 629 297 3 18
3 62 133 84 642 3 120
3 120 3 62
3 33 629 3 120 121 650 22 20 11 318 651 22 3 4
652 3 120 121 653 20 3 42
3 42 101 242 509 101 3 4
3 8 3 8
3 120 27 3 120 138 73 673 27 59 674
3 120 676 22 20 3 264 684
3 120 138 236 679
435 27 3 120 3 8 236 682 683
741 122 3 4
3 4 3 33 9 3 120
68 20 3 4 22 3 4
621 3 120 138
27 48 3 4
3 18 3053 3 33 66 629 20 3 4
3 62 43 20 848 372
3 62 849 3 4 31856
3 4 3 8 3 8
3 33 3 18 9 3 4
3 33 9 988 3 4
3 62 9 3 4
802 3 120 138 1034
3 62 66 629 3 4 3 18
3 8 3 8
3 120 3 14 3 8 236 1082
3 62 133 58 925 3 120
3 18 3 33
3 62 133 67 1185 3 120
3 120 1233 1248
3 120 130 3 264 73 1184 27 59 64 949
353 504 22 3 120 130 138 59 64 29
3 120 138 679
133 297 3 18 84 3 120
1322 3 120 3 33
3 18 32 3 33
20 3 33 34 338 1357 3 18 9 3 4
3 8 22 20 3 62
1492 3 120 3 14
3 18 3 62
1502 3 120 122 40 3 62 25
3 62 9 3 4
3 62 133 122 3 4 3 62
3 62 133 1562 27 3 120 101 22 3 18
3 120 236 75 769 101 1248
3 120 3 33
1567 27 20 138 9 3 4
496 22 1085 9 20 3 62
3 4 333 48
3 4 112
418 3 120 130 1594 9 423 77 3 62 24
423 38 1599 9 3 18
35 3 33 34 652 9 3 4
67 894 3 120 138 1625 101 22 3 18
3 4 84 1629 30 23 3 120 3 33
1630 410 3 120 1085
1645 1361 3 4
3 120 130 3 264 236 1666
898 3 120 130 694 1678
1691 3 120 419 1653 22 1692 1103 496
3 4 1688 1691 23 496 22 410 3 120 419 1653
3 62 629 9 3 18
3 62 338 68 3 4
973 3 62 1626 3 120
1818 3 120 43 20 627 372
3 33 3 18
3 33 1678 3 14
749 22 3 18 1170 3 120 138 909 674
3 4 3 33 9 3 235
35 1322 22 20 3 33 84 3 120
654 30 138 9 3 4 129 3 120 320 509
3 18 3 62 9 3 4
3 4 129 3 120 320 122 20 3 4
3 62 122 3 18 3 33
353 1322 3 120 3 33
3 33 2191 20 3 4 22 3 4 297 3 18
3 33 909 357 2158 22 3 120
3 4 84 117 3 120 2195 988 22 3 4
