1557 3 136 3 36
426 1557 3 136 3 36
450 3 136 48 23 758 451
3 136 157 281 820
3 36 9 3 4
3 1023 9 3 4
3 21 3 36
3 21 3 1023
3 136 3 36
3 136 3 151
3 358 3 295
76 23 3 50 25 3 39
1557 3
1557 3 136
1557 3 136 3
3 136
3 136 3
136 3
136 3 36
3 36
1557 3 136 3 36 74
1557 3 136 3 36 9
1557 3 136 3 36 760
21 426 1557 3 136 3 36
21 38 1557 3 136 3 36
426 1557
426 1557 3
426 1557 3 136
426 1557 3 136 3
426 1557 3 136 3 36 760
3 21 426 1557 3 136 3 36
450 3
450 3 136
450 3 136 48
450 3 136 48 23
450 3 136 48 23 758
3 136 48
3 136 48 23
3 136 48 23 758
3 136 48 23 758 451
136 48
136 48 23
136 48 23 758
136 48 23 758 451
48 23
48 23 758
48 23 758 451
23 758
23 758 451
758 451
3 36 450 3 136 48 23 758 451
450 3 136 48 23 758 451 4585
3 136 157
3 136 157 281
136 157
136 157 281
136 157 281 820
157 281
157 281 820
281 820
3 36 9
3 36 9 3
36 9
36 9 3
36 9 3 4
9 3
9 3 4
3 4
3 36 9 3 4 3
3 36 9 3 4 38
3 21 3 36 9 3 4
3 136 3 36 9 3 4
3 36 9 3 4 9
3 36 9 3 4 95
25 23 3 36 9 3 4
3 36 9 3 4 74
25 430 3 36 9 3 4
26 20606 3 36 9 3 4
3 36 9 3 4 852
3 1023
3 1023 9
3 1023 9 3
1023 9
1023 9 3
1023 9 3 4
3 21
3 21 3
21 3
21 3 36
3 21 3 36 74
770 23 3 21 3 36
33 23 3 21 3 36
3 21 3 36 37
3 21 3 36 95
25 23 3 21 3 36
3 21 3 36 9
9 23 3 21 3 36
3 21 3 36 19
3 21 3 36 1072
514 25 3 21 3 36
1952 9 3 21 3 36
138 430 3 21 3 36
3 1631 3 21 3 36
3 21 3 36 121
21 3 1023
23 1557 3 136 3 36
3 136 3 36 37
3 136 3 36 9
38 1557 3 136 3 36
3 136 3 36 74
3 21 3 136 3 36
3 136 3 36 76
26 1557 3 136 3 36
762 26 3 136 3 36
3 136 3 36 3
3 136 3 36 760
21 26 3 136 3 36
21 426 3 136 3 36
136 3 151
3 151
3 358
3 358 3
358 3
358 3 295
3 295
3 4 3 358 3 295
295 19 3 358 3 295
3 358 3 295 1403
76 23
76 23 3
76 23 3 50
76 23 3 50 25
76 23 3 50 25 3
23 3
23 3 50
23 3 50 25
23 3 50 25 3
23 3 50 25 3 39
3 50
3 50 25
3 50 25 3
3 50 25 3 39
50 25
50 25 3
50 25 3 39
25 3
25 3 39
3 39
3 36 76 23 3 50 25 3 39
76 23 3 50 25 3 39 32731
2057 3
1587 37
1488 3
21 2650
30 3 151
715 9 23
598 3 151
436 199 430 3
50 25 3 789
3 50 762 3
1014 770 3 21 38 3 36 95 788 756 26 6569 2456 25 3
21 19 95 788 756 26 6569 11000 25
2538 3 867 19 3 372 3 45 26753 3 21 114 3691 923 30 26754
37 9 26591 3 4 3 21
3 303 3 4 3 21 38 3 16 426
9 26 20606 3 36 9 3 4 74 1072 501 26 2641 157
1501 88 3 36 3 514 114 1490
143 3 50 762 3 372 3 45 10122 30 5333 3 514 82 25 23 3235 283 23 152
25480 3 436 74 826
1241 430 3 4 3 12 3 21 9 3 303 770 26993 3 867 1481 23
25 3 303 9 3 4
1279 199 430 3 36 9 3 303 3 4 3
1346 25 23 3 514 25 3 21 3 36 37 9
37 9 26591 3 4 3 21 426 35 3 36 261 3 4 3 21 5898 3 765
