3 36 9 11 3 12 37 3 4
3 39 3 50 37 11 3 12 37 51 25 23 3 1153 3 53
3 39 3 50 62 63 23 3 36
108 3 98 33 23 3 4 3 109
108 3 98 33 23 3 15
3 118 25 3 39
3 136 137 138 23 3 36 139 3 140 9 141 3 53
3 151 152 25 3 136
3 39 26 3 50 25 146 3 136 147 157
3 295 48 3 21 298 26 299 25 300 30 3 295
26 3 36 76 3 303 9 3 4
3 136 511 512 9 513
3 36 9 3 4
3 21 3 36
3 136 383 613 138 23 3 140 25 23 3 36
3 36 261 26 3 77 25 1190 3 4
751 146 3 136 157
450 3 136 48 23 758 451
760 9 3 21
23 3 36 760 350 3 21
3 151 152 95 775 3 136
3 136 3 151
3 36 760 3 136 137 784 25 23 11 381 785 25 3 39
786 3 136 137 787 23 3 454
3 2995 114 287 613 114 3 789
3 358 3 295
3 136 30 3 136 157 84 814 30 66 815
3 136 817 25 23 3 436 826
3 136 157 281 820
531 30 3 136 3 823 281 824 825
899 138 3 4
3 4 3 36 9 3 136
76 23 3 50 25 3 39
751 3 136 157
30 55 3 4
3 21 3513 3 36 74 760 23 3 4
3 1023 48 23 1024 451
3 1153 1025 3 4 33522
3 4 3 20 3 295
3 36 3 21 9 3 4
3 36 9 1190 3 4
3 1023 9 3 33523
969 3 136 157 1238
3 1023 74 760 3 33523 3 21
3 358 3 295
3 136 3 1299 3 1280 281 1300
3 151 152 65 1113 3 136
3 21 3 36
3 151 152 75 1410 3 136
3 136 1461 1477
3 136 147 3 436 84 1409 30 66 72 1143
426 608 25 3 136 147 157 66 72 32
3 136 157 820
152 350 3 21 95 3 136
1557 3 136 3 36
3 21 35 3 36
23 3 36 37 404 1597 3 21 9 3 33523
3 514 25 23 3 1023
1748 3 136 3 120
3 21 3 1023
1759 3 136 138 44 3 1464 28
3 1023 9 3 4
3 151 152 138 3 4 3 1023
3 151 152 1828 30 3 136 114 25 3 21
3 136 281 86 931 114 1477
3 136 3 36
1833 30 23 157 9 3 4
599 25 1303 9 23 3 1023
3 4 399 55
3 4 128
510 3 136 147 1862 9 516 88 3 1023 27
516 42 1868 9 3 21
38 3 36 37 786 9 3 303
75 1072 3 136 157 1895 114 25 3 21
3 39 95 1899 33 26 3 136 3 36
1900 501 3 136 1303
1916 1601 3 39
3 136 147 3 1631 281 1939
1076 3 136 147 837 1952
1967 3 136 511 1924 25 1968 1322 599
3 4 1963 1967 26 599 25 501 3 136 511 1924
3 1023 760 9 3 21
3 1023 404 76 3 4
1173 3 151 1896 3 136
2116 3 136 48 23 758 451
3 624 3 21
3 36 1952 3 16
908 25 3 21 1394 3 136 157 1092 815
3 4 3 36 9 3 280
38 1557 25 23 3 36 95 3 136
788 33 157 9 3 303 146 3 136 383 613
3 21 3 1023 9 3 789
3 789 146 3 136 383 138 23 3 140
3 2115 138 3 21 3 36
426 1557 3 136 3 36
3 36 2538 23 3 53 25 3 303 350 3 21
3 36 1092 430 2499 25 3 136
3 140 95 133 3 136 2542 1190 25 3 39
