" 9329
-1111
/
-1111
-
- -
- - -
- - - -
- - - - -
-1111
16074
26
1428
146
2429
309
-1111
756
3892
770
22925
3879
-1111
-1111
83
1394
901
1758
851
2563
2971
707
4608
-1111
3330
430
19
1460
661
12221
-1111
4479
3849
24805
-1111
7312
4656
84
14485
18723
1038
114
1498
350
-1111
697
332
1396
72
1467
32650
864
985
2287
787
4666
1276
1479
963
2203
283
33
30000
231
2286
1635
3843
399
-1111
24193
7842
9998
14273
26192
9635
1484
262
1995
3846
1612
2524
1386
3928
1882
1572
3121
3821
557
16297
489
-1111
6468
9246
4368
2192
13238
-1111
1573
2051
1855
3838
4402
1570
7568
-1111
1375
88
1487
10533
138
1231
-1111
16482
2148
9879
16516
1092
861
5027
75
3588
29990
66
11571
3922
1434
-1111
-1111
2344
-1111
55
-1111
1601
2741
11316
-1111
31088
-1111
-1111
-1111
2553
3895
23729
811
6652
558
-1111
1447
-1111
-1111
-1111
-1111
-1111
4179
-1111
-1111
16074
-1111
-1111
-1111
-1111
-1111
27902
1764
-1111
9
-1111
26445
-1111
2761
893
14263
132
14491
11760
284
3180
44
4177
-1111
-1111
1014
-1111
7043
-1111
1458
27890
-1111
-1111
3577
11883
5817
1620
6408
1427
26289
9369
2299
-1111
-1111
-1111
-1111
155
-1111
799
2619
757
1853
23865
-1111
-1111
-1111
1420
1839
7042
5381
10691
987
1076
5198
1621
1152
2942
598
-1111
1268
16872
9205
3423
263
1914
-1111
14466
29999
25
872
1319
9101
25759
21817
1763
48
-1111
955
2562
64
731
837
3826
21990
99
4948
13791
82
1482
501
1977
-1111
119
6876
739
5306
2844
-1111
-1111
-1111
16476
9355
-1111
29919
2068
5404
14930
21201
27349
9329
1925
1320
8915
-1111
298
445
29658
-1111
-1111
1595
-1111
14482
11581
9053
-1111
15125
2753
-1111
-1111
12662
29896
-1111
23353
528
104
1346
26074
8718
8803
1398
20738
6123
19776
8489
636
86
934
2190
11008
16462
156
-1111
74
-1111
10628
-1111
10080
23
89
-1111
179
5656
1834
-1111
1138
3177
-1111
22366
7294
13335
28438
-1111
113
1017
-1111
10637
3133
18020
31499
-1111
3899
-1111
69
-1111
5437
709
3257
319
1722
16153
5529
-1111
30
1659
2077
1710
4386
5857
-1111
-1111
575
8263
6560
2322
-1111
531
301
1065
2764
-1111
1422
-1111
-1111
95
1633
7641
453
12214
9693
3158
9969
-1111
14379
274
1035
281
-1111
14704
3898
971
-1111
12273
-1111
6189
15377
629
-1111
-1111
-1111
-1111
-1111
8022
-1111
-1111
762
-1111
-1111
-1111
-1111
9519
-1111
-1111
8767
-1111
-1111
-1111
5342
2503
404
836
-1111
-1111
24135
11910
-1111
26180
1454
-1111
2251
-1111
1567
3747
-1111
-1111
-1111
-1111
-1111
-1111
42
4877
2
688
2057
3331
9199
3885
3885 "
795
-1111
10395
3865
-1111
22701
9576
8450
1504
1456
2901
11566
2350
10566
-1111
-1111
2998
27064
-1111
19821
-1111
-1111
-1111
